00001010 01110011 01100101 01100011 01110100 01101001 01101111 01101110
 00100000 00101110 01100100 01100001 01110100 01100001 00001010 00100000
 00100000 00100000 00100000 01110000 01110010 01101111 01101101 01110000
 01110100 00110001 00100000 01100100 01100010 00100000 00100010 01000101
 01101110 01110100 01100101 01110010 00100000 01110100 01101000 01100101
 00100000 01100110 01101001 01110010 01110011 01110100 00100000 01101110
 01110101 01101101 01100010 01100101 01110010 00111010 00100000 00100010
 00101100 00100000 00110000 00001010 00100000 00100000 00100000 00100000
 01110000 01110010 01101111 01101101 01110000 01110100 00110010 00100000
  01100100 01100010 00100000 00100010 01000101 01101110 01110100 01100101
  01110010 00100000 01110100 01101000 01100101 00100000 01110011 01100101
   01100011 01101111 01101110 01100100 00100000 01101110 01110101 01101101
    01100010 01100101 01110010 00111010 00100000 00100010 00101100 00100000
    00110000 00001010 00100000 00100000 00100000 00100000 01110010 01100101
    01110011 01110101 01101100 01110100 00100000 01100100 01100010 00100000
    00100010 01010100 01101000 01100101 00100000 01110011 01110101 01101101
    00100000 01101001 01110011 00111010 00100000 00100101 01100100 00100010
    00101100 00100000 00110000 00001010 00001010 01110011 01100101 01100011
     01110100 01101001 01101111 01101110 00100000 00101110 01100010 01110011
      01110011 00001010 00100000 00100000 00100000 00100000 01101110 01110101
       01101101 00110001 00100000 01110010 01100101 01110011 01100100 00100000
       00110001 00001010 00100000 00100000 00100000 00100000 01101110 01110101
        01101101 00110010 00100000 01110010 01100101 01110011 01100100 00100000
         00110001 00001010 00100000 00100000 00100000 00100000 01110011 01110101
          01101101 00100000 01110010 01100101 01110011 01100100 00100000 00110001
           00001010 00001010 01110011 01100101 01100011 01110100 01101001 01101111
            01101110 00100000 00101110 01110100 01100101 01111000 01110100 00001010
             00100000 00100000 00100000 00100000 01100111 01101100 01101111 01100010
              01100001 01101100 00100000 01011111 01110011 01110100 01100001 01110010
               01110100 00001010 00001010 01011111 01110011 01110100 01100001 01110010
               01110100 00111010 00001010 00100000 00100000 00100000 00100000 00111011
               00100000 01010000 01110010 01101001 01101110 01110100 00100000 01110000
               01110010 01101111 01101101 01110000 01110100 00110001 00001010 00100000
               00100000 00100000 00100000 01101101 01101111 01110110 00100000 01100101
               01100001 01111000 00101100 00100000 00110100 00001010 00100000 00100000
               00100000 00100000 01101101 01101111 01110110 00100000 01100101 01100010
               01111000 00101100 00100000 00110001 00001010 00100000 00100000 00100000
               00100000 01101101 01101111 01110110 00100000 01100101 01100011 01111000
               00101100 00100000 01110000 01110010 01101111 01101101 01110000 01110100
               00110001 00001010 00100000 00100000 00100000 00100000 01101101 01101111
               01110110 00100000 01100101 01100100 01111000 00101100 00100000 00110001
               00111001 00001010 00100000 00100000 00100000 00100000 01101001 01101110
               01110100 00100000 00110000 01111000 00111000 00110000 00001010 00100000
               00100000 00100000 00100000 00001010 00100000 00100000 00100000 00100000
               00111011 00100000 01010010 01100101 01100001 01100100 00100000 01101110
               01110101 01101101 00110001 00100000 01100110 01110010 01101111 01101101
               00100000 01101001 01101110 01110000 01110101 01110100 00001010 00100000
               00100000 00100000 00100000 01101101 01101111
                01110110 00100000 01100101 01100001 01111000 00101100 00100000 00110011
                00001010 00100000 00100000 00100000 00100000 01101101 01101111 01110110
                00100000 01100101 01100010 01111000 00101100 00100000 00110000 00001010
                00100000 00100000 00100000 00100000 01101101 01101111 01110110 00100000
                01100101 01100011 01111000 00101100 00100000 01101110 01110101 01101101
                00110001 00001010 00100000 00100000 00100000
                00100000 01101101 01101111 01110110 00100000 01100101 01100100 01111000
                00101100 00100000 00110100 00001010 00100000 00100000 00100000 00100000
                01101001 01101110 01110100 00100000 00110000 01111000 00111000 00110000
                00001010 00100000 00100000 00100000 00100000 00001010 00100000 00100000
                00100000 00100000 00111011 00100000 01010000 01110010 01101001 01101110
                01110100 00100000 01110000 01110010 01101111 01101101 01110000 01110100
                00110010 00001010 00100000 00100000 00100000 00100000 01101101 01101111
                01110110 00100000 01100101 01100001
               01111000 00101100 00100000 00110100 00001010 00100000 00100000 00100000
               00100000 01101101 01101111 01110110 00100000 01100101 01100010 01111000
               00101100 00100000 00110001 00001010 00100000 00100000 00100000 00100000
               01101101 01101111 01110110 00100000 01100101 01100011 01111000 00101100
               00100000 01110000 01110010 01101111 01101101 01110000 01110100 00110010
               00001010 00100000 00100000 00100000 00100000 01101101 01101111 01110110
                00100000 01100101 01100100 01111000 00101100 00100000 00110010 00110000
                00001010 00100000 00100000 00100000 00100000 01101001 01101110 01110100
                00100000 00110000 01111000 00111000 00110000 00001010 00100000 00100000
                00100000 00100000 00001010 00100000 00100000 00100000 00100000 00111011
                 00100000 01010010 01100101 01100001 01100100 00100000 01101110 01110101
                 01101101 00110010 00100000 01100110 01110010
               01101111 01101101 00100000 01101001 01101110 01110000 01110101 01110100
               00001010 00100000 00100000 00100000 00100000 01101101 01101111 01110110
               00100000 01100101 01100001 01111000 00101100 00100000 00110011 00001010
               00100000 00100000 00100000 00100000 01101101 01101111 01110110 00100000
               01100101 01100010 01111000 00101100 00100000 00110000 00001010 00100000
               00100000 00100000 00100000 01101101 01101111 01110110 00100000 01100101
               01100011 01111000 00101100 00100000 01101110 01110101 01101101 00110010 00001010
                00100000 00100000 00100000 00100000 01101101 01101111 01110110 00100000
                01100101 01100100 01111000 00101100 00100000 00110100 00001010 00100000
                00100000 00100000 00100000 01101001 01101110 01110100 00100000 00110000
               01111000 00111000 00110000 00001010 00100000 00100000 00100000 00100000
               00001010 00100000 00100000 00100000 00100000 00111011 00100000 01000001
               01100100 01100100 00100000 01101110 01110101 01101101 00110001 00100000
               01100001 01101110 01100100 00100000 01101110 01110101 01101101 00110010
               00001010 00100000 00100000 00100000 00100000 01101101 01101111 01110110
               00100000 01100101 01100001 01111000 00101100 00100000 01011011 01101110
               01110101 01101101 00110001 01011101 00001010 00100000 00100000 00100000
               00100000 01100001 01100100 01100100 00100000 01100101 01100001 01111000
               00101100 00100000 01011011 01101110 01110101 01101101 00110010 01011101
               00001010 00100000 00100000 00100000 00100000 01101101 01101111 01110110
               00100000 01011011 01110011 01110101 01101101 01011101 00101100 00100000
               01100101 01100001 01111000 00001010 00100000 00100000 00100000 00100000
               00001010 00100000 00100000 00100000 00100000 00111011 00100000 01010000
               01110010 01101001 01101110 01110100 00100000 01110010
                01100101 01110011 01110101 01101100 01110100 00001010 00100000 00100000
                00100000 00100000 01101101 01101111 01110110 00100000 01100101 01100001

                01111000 00101100 00100000 00110001 00001010 00100000 00100000 00100000
                 00100000 01101101 01101111 01110110 00100000 01100101 01100010 01111000
                  00101100 00100000 00110001 00001010 00100000 00100000 00100000 00100000
                  01101101 01101111 01110110 00100000 01100101 01100011 01111000 00101100
                   00100000 01110010 01100101 01110011 01110101 01101100 01110100 00001010
                    00100000 00100000 00100000 00100000 01101101 01101111 01110110 00100000
                     01100101 01100100 01111000 00101100 00100000 00110001 00110100 00001010
                     00100000 00100000 00100000 00100000 01101001 01101110 01110100 00100000
                     00110000 01111000 00111000 00110000 00001010 00100000 00100000 00100000
                     00100000 00001010 01100101 01111000 01101001 01110100 00111010 00001010
                      00100000 00100000 00100000 00100000
                 00111011 00100000 01000101 01111000 01101001 01110100 00100000 01110100 01101000 01100101
                 00100000 01110000 01110010 01101111 01100111 01110010 01100001 01101101 00001010 00100000
                  00100000 00100000 00100000 01101101 01101111 01110110 00100000 01100101 01100001 01111000
                   00101100 00100000 00110001 00001010 00100000 00100000 00100000 00100000 01111000 01101111
                   01110010 00100000 01100101 01100010 01111000 00101100 00100000 01100101 01100010 01111000
                    00001010 00100000 00100000 00100000 00100000 01101001 01101110 01110100

                    00100000 00110000 01111000 00111000 00110000 00001010
